4
14
61
78
13
72
99
31
37
13
85
48
26
47
2
34
85
89
93
6
64
34
77
58
29
96
47
8
19
67
86
68
44
49
69
35
94
38
3
98
71
31
29
2
74
90
87
4
80
86
68
55
23
9
97
77
27
12
26
85
94
62
91
43
57
48
35
6
56
91
3
1
29
61
3
53
23
86
66
42
8
54
68
31
47
3
80
97
12
91
37
18
78
69
70
64
10
12
74
78
2
32
73
29
65
23
48
35
63
94
59
13
68
20
27
92
68
39
39
45
38
21
21
84
69
16
98
70
84
17
11
24
2
67
89
92
99
60
19
100
79
28
56
65
8
3
14
20
78
23
75
76
14
13
97
56
12
62
71
16
8
98
59
26
24
71
31
4
53
3
46
45
60
25
70
90
73
26
13
33
64
85
61
9
79
63
21
97
18
63
91
85
40
2
30
95
55
16
18
42
84
51
29
17
75
27
37
87
73
89
70
93
51
70
28
34
77
26
25
43
44
100
14
63
31
56
50
69
31
25
54
66
50
53
62
75
42
46
42
36
42
89
76
97
45
71
62
98
82
22
99
33
88
35
25
29
41
74
70
65
35
87
12
61
1
43
94
73
95
37
86
96
43
18
7
48
31
32
5
80
15
51
74
76
71
24
89
53
78
72
91
58
83
91
31
60
12
20
50
52
9
24
70
94
51
99
22
46
41
64
91
48
33
47
35
11
78
43
58
26
65
51
94
30
13
79
94
66
58
72
31
92
65
55
8
68
54
7
38
66
62
43
33
75
12
72
67
95
23
68
33
63
79
51
55
82
49
42
67
70
37
26
37
20
93
7
9
60
78
39
27
74
70
56
86
53
38
56
42
43
97
90
68
94
42
76
14
41
43
87
68
29
93
67
54
88
55
9
94
39
3
47
85
28
26
71
35
8
91
96
92
76
84
71
49
81
76
92
54
90
15
80
3
72
5
35
2
44
3
58
42
25
63
32
56
78
37
93
2
85
77
64
2
37
11
47
64
65
44
46
97
67
77
98
47
35
4
28
39
34
74
50
78
89
58
32
40
62
7
64
42
5
33
96
84
61
21
48
75
56
20
38
86
90
81
45
69
55
4
26
57
77
68
40
9
90
4
32
37
66
52
78
9
58
70
36
67
6
85
17
50
90
24
66
54
47
7
39
87
52
36
97
65
66
11
38
5
72
49
43
59
81
70
73
24
19
38
1
4
61
87
67
55
94
50
79
59
61
88
75
8
2
93
24
47
20
63
80
7
48
9
9
70
3
96
65
29
68
95
92
8
94
49
95
47
35
10
87
27
39
42
33
35
8
1
68
10
100
69
11
37
49
79
59
27
61
41
85
27
99
83
41
32
90
69
21
77
95
57
7
56
79
61
65
19
52
38
99
58
23
76
97
40
81
4
71
81
82
17
60
25
41
35
36
78
25
46
90
51
25
5
57
17
66
94
37
10
86
84
27
75
31
30
10
76
41
72
20
89
8
97
10
10
97
4
29
22
75
64
73
94
3
83
60
18
6
61
72
90
10
44
64
60
45
8
42
20
14
79
83
44
37
39
59
40
42
21
89
38
61
1
20
37
94
28
9
29
16
17
14
94
83
6
31
94
79
92
42
78
79
88
95
8
94
87
86
35
65
87
36
65
6
57
40
45
18
96
34
47
38
17
32
78
98
27
69
2
37
29
88
69
47
80
5
13
52
16
76
1
22
21
42
81
49
42
1
60
28
69
53
39
41
76
74
58
83
1
54
57
23
24
1
2
79
55
75
93
76
85
38
38
89
29
90
93
29
64
80
76
38
58
28
95
16
30
100
82
24
74
91
71
19
8
92
22
19
91
53
53
86
10
35
33
95
93
53
13
88
3
45
48
51
44
88
44
65
90
58
47
2
65
48
37
52
65
3
57
23
65
47
49
70
97
71
88
45
77
62
76
52
1
28
1
52
82
86
72
10
14
66
30
47
68
51
73
100
92
17
95
25
84
35
96
79
16
44
98
87
13
54
44
51
54
45
46
6
35
23
31
8
99
62
28
7
30
36
80
34
10
43
99
6
4
12
26
3
89
97
28
66
81
99
41
16
70
64
39
91
36
61
99
31
41
22
29
27
34
74
4
24
29
71
94
95
11
100
95
1
93
6
46
12
65
50
38
19
93
24
64
86
97
75
24
80
26
31
56
24
72
49
22
23
37
97
59
40
24
1
46
44
47
85
46
81
81
59
5
4
47
40
34
74
67
32
6
44
30
93
39
43